w	a	n_w_in_corp	corpus_size	n_pattern
ané	43	4315	638639	425
dadi	38	1869	638639	425
meli	33	224	638639	425
pipis	29	394	638639	425
lakar	28	1453	638639	425
tiang	26	3684	638639	425
sing	25	3445	638639	425
apa	22	962	638639	425
ento	21	1485	638639	425
pis	21	140	638639	425
ada	20	2588	638639	425
apang	18	985	638639	425
ngalih	18	416	638639	425
tusing	15	2014	638639	425
di	14	4073	638639	425
keneh	13	437	638639	425
mayah	13	107	638639	425
gén	12	260	638639	425
lan	12	5802	638639	425
i	11	6941	638639	425
ngelah	11	690	638639	425
tongos	11	309	638639	425
ngaé	10	295	638639	425
nyidayang	9	321	638639	425
suba	9	2155	638639	425
tuah	9	544	638639	425
ba	8	893	638639	425
jalan	8	292	638639	425
tur	8	2108	638639	425
yén	8	2294	638639	425
carik	7	163	638639	425
liu	7	610	638639	425
mesuang	7	142	638639	425
né	7	522	638639	425
timpal	7	229	638639	425
yéh	7	260	638639	425
amonto	6	50	638639	425
anak	6	2709	638639	425
buin	6	1100	638639	425
gumi	6	430	638639	425
jani	6	1112	638639	425
kal	6	118	638639	425
kén	6	360	638639	425
kéto	6	1442	638639	425
luung	6	128	638639	425
ngilangang	6	20	638639	425
pang	6	224	638639	425
sinah	6	843	638639	425
srana	6	167	638639	425
bapa	5	730	638639	425
dogén	5	449	638639	425
galah	5	343	638639	425
kopi	5	91	638639	425
manah	5	477	638639	425
masi	5	714	638639	425
mula	5	646	638639	425
nyeduh	5	9	638639	425
perlu	5	171	638639	425
to	5	490	638639	425
tuak	5	101	638639	425
apabuin	4	211	638639	425
api	4	136	638639	425
baju	4	115	638639	425
bakat	4	165	638639	425
basang	4	119	638639	425
bekel	4	62	638639	425
bibit	4	30	638639	425
bli	4	862	638639	425
cang	4	229	638639	425
cukup	4	34	638639	425
gaé	4	146	638639	425
gena	4	9	638639	425
guru	4	675	638639	425
ia	4	1733	638639	425
kurenan	4	163	638639	425
lantas	4	690	638639	425
magaé	4	182	638639	425
makejang	4	622	638639	425
méanin	4	11	638639	425
nak	4	602	638639	425
nasi	4	123	638639	425
ngaba	4	215	638639	425
ngadep	4	81	638639	425
nyama	4	146	638639	425
padidi	4	315	638639	425
pianak	4	360	638639	425
telah	4	166	638639	425
umah	4	296	638639	425
upacara	4	773	638639	425
abedik	3	102	638639	425
abesik	3	96	638639	425
aci-aci	3	8	638639	425
awak	3	266	638639	425
baas	3	68	638639	425
bakal	3	61	638639	425
basa	3	829	638639	425
bé	3	79	638639	425
biaya	3	17	638639	425
bisa	3	543	638639	425
bunga	3	80	638639	425
cerik	3	102	638639	425
ci	3	109	638639	425
ené	3	174	638639	425
isin	3	164	638639	425
itung-itungan	3	7	638639	425
jiwa	3	104	638639	425
jnanané	3	6	638639	425
juta	3	53	638639	425
lebih	3	95	638639	425
madaar	3	71	638639	425
madé	3	1084	638639	425
madéné	3	24	638639	425
majalan	3	308	638639	425
masih	3	613	638639	425
melah	3	201	638639	425
mémé	3	362	638639	425
miwah	3	1752	638639	425
mobil	3	142	638639	425
motor	3	76	638639	425
munyi	3	130	638639	425
nambakin	3	50	638639	425
nelahang	3	42	638639	425
ngabénang	3	13	638639	425
ngayah	3	196	638639	425
ngisinin	3	46	638639	425
ngorahang	3	341	638639	425
ngubadin	3	29	638639	425
nyegerang	3	13	638639	425
nyidang	3	139	638639	425
nyilih	3	48	638639	425
nyimpen	3	26	638639	425
nyujukang	3	18	638639	425
prajani	3	149	638639	425
rasa	3	682	638639	425
sikut	3	42	638639	425
tanah	3	439	638639	425
tapel	3	97	638639	425
teka	3	417	638639	425
tiangé	3	945	638639	425
ulian	3	574	638639	425
utawi	3	2111	638639	425
wiadin	3	284	638639	425
yan	3	906	638639	425
yening	3	103	638639	425
abun	2	2	638639	425
adep	2	34	638639	425
agama	2	462	638639	425
aji	2	455	638639	425
alasan	2	18	638639	425
anaké	2	1000	638639	425
ane	2	876	638639	425
awai	2	27	638639	425
baan	2	535	638639	425
bank	2	79	638639	425
baos	2	559	638639	425
batu	2	135	638639	425
beli	2	158	638639	425
bir	2	36	638639	425
boya	2	472	638639	425
cangé	2	55	638639	425
cariké	2	75	638639	425
cenik	2	166	638639	425
cening	2	188	638639	425
cicing	2	84	638639	425
dana	2	122	638639	425
dasa	2	422	638639	425
dasar	2	173	638639	425
dedaaran	2	18	638639	425
dija	2	348	638639	425
dini	2	249	638639	425
ditu	2	490	638639	425
duang	2	174	638639	425
duur	2	215	638639	425
entungina	2	8	638639	425
gegisian	2	4	638639	425
hp	2	61	638639	425
iang	2	41	638639	425
iraga	2	188	638639	425
ja	2	1373	638639	425
jakan	2	9	638639	425
jaman	2	165	638639	425
jukut	2	44	638639	425
ka	2	2071	638639	425
kalingké	2	25	638639	425
kanti	2	692	638639	425
karirihan	2	13	638639	425
kedis	2	103	638639	425
kel	2	42	638639	425
kemulan	2	16	638639	425
kenehé	2	113	638639	425
kéweh	2	94	638639	425
koné	2	680	638639	425
kuliah	2	81	638639	425
liunan	2	141	638639	425
lpd	2	170	638639	425
luh	2	1256	638639	425
luungan	2	43	638639	425
luwung	2	21	638639	425
mabalih	2	131	638639	425
mabayahan	2	8	638639	425
maceki	2	28	638639	425
malasang	2	7	638639	425
males	2	24	638639	425
malu	2	266	638639	425
mancing	2	14	638639	425
mandus	2	30	638639	425
mapunduh	2	15	638639	425
masang	2	45	638639	425
masugi	2	6	638639	425
mata	2	92	638639	425
mbok	2	111	638639	425
média	2	12	638639	425
meliang	2	19	638639	425
men	2	177	638639	425
menahin	2	23	638639	425
muah	2	101	638639	425
musuh	2	55	638639	425
nagih	2	118	638639	425
nah	2	286	638639	425
nanging	2	1377	638639	425
negul	2	15	638639	425
néh	2	7	638639	425
ngantén	2	84	638639	425
nganti	2	238	638639	425
ngetohin	2	31	638639	425
ngigel	2	85	638639	425
ngubuh	2	44	638639	425
ngudiang	2	203	638639	425
nu	2	389	638639	425
nyakan	2	26	638639	425
nyanan	2	121	638639	425
nyautin	2	103	638639	425
nyepi	2	116	638639	425
nyewaang	2	3	638639	425
nyidaang	2	103	638639	425
pabaat	2	8	638639	425
panes	2	132	638639	425
pangancan	2	13	638639	425
pangupa	2	47	638639	425
panyemeng	2	3	638639	425
paplajahan	2	52	638639	425
pas	2	37	638639	425
pasti	2	125	638639	425
patut	2	1645	638639	425
perabotan	2	2	638639	425
pesan	2	534	638639	425
pinget	2	4	638639	425
pipisé	2	49	638639	425
polih	2	503	638639	425
pulsa	2	14	638639	425
punika	2	5730	638639	425
rakyat	2	82	638639	425
rangda	2	56	638639	425
rénovasi	2	7	638639	425
rindu	2	16	638639	425
saang	2	27	638639	425
sajan	2	415	638639	425
sakadi	2	1833	638639	425
sakit	2	230	638639	425
sanjata	2	17	638639	425
seneb	2	10	638639	425
sisané	2	7	638639	425
study	2	8	638639	425
tai	2	11	638639	425
tali	2	308	638639	425
tanahé	2	100	638639	425
tatimbang	2	5	638639	425
teken	2	414	638639	425
togél	2	31	638639	425
topi	2	3	638639	425
totonan	2	197	638639	425
tua	2	155	638639	425
uang	2	22	638639	425
unduk	2	282	638639	425
upajiwa	2	4	638639	425
upakara	2	113	638639	425
utang	2	48	638639	425
waktu	2	19	638639	425
wayang	2	265	638639	425
yadiastun	2	564	638639	425
yen	2	275	638639	425
aba	1	35	638639	425
abadi	1	5	638639	425
abelian	1	2	638639	425
abulan	1	45	638639	425
abungkul	1	7	638639	425
abungkus	1	4	638639	425
acepok	1	24	638639	425
adan	1	108	638639	425
adepa	1	18	638639	425
adi	1	145	638639	425
adian	1	2	638639	425
aéngan	1	25	638639	425
agem	1	11	638639	425
ageman	1	4	638639	425
ageng	1	259	638639	425
ajaka	1	191	638639	425
ajiné	1	40	638639	425
akah	1	25	638639	425
akatih	1	27	638639	425
aketo	1	6	638639	425
aksara	1	201	638639	425
alusné	1	5	638639	425
amah	1	32	638639	425
anduk	1	6	638639	425
anè	1	44	638639	425
anne	1	2	638639	425
anteg	1	22	638639	425
antos-antosang	1	1	638639	425
apanan	1	20	638639	425
apanga	1	134	638639	425
apbd	1	14	638639	425
apotik	1	3	638639	425
are	1	18	638639	425
arés	1	8	638639	425
arisan	1	25	638639	425
arit	1	14	638639	425
arjané	1	11	638639	425
asli	1	197	638639	425
atebih	1	3	638639	425
atin	1	39	638639	425
aturina	1	4	638639	425
atusan	1	1	638639	425
baanga	1	76	638639	425
bahaya	1	7	638639	425
bakalan	1	53	638639	425
bakar	1	14	638639	425
bakau	1	34	638639	425
bakti	1	213	638639	425
bali	1	3733	638639	425
baliné	1	877	638639	425
ban	1	114	638639	425
banding	1	8	638639	425
baneh	1	2	638639	425
bani	1	323	638639	425
banjarané	1	8	638639	425
banjare	1	10	638639	425
bapak	1	241	638639	425
bapak-bapak	1	8	638639	425
bapaké	1	27	638639	425
bapanné	1	62	638639	425
barangé	1	13	638639	425
batike	1	3	638639	425
batinne	1	1	638639	425
batis	1	71	638639	425
batise	1	4	638639	425
bedik	1	38	638639	425
bedikan	1	11	638639	425
belus	1	31	638639	425
bendéra	1	12	638639	425
bendu	1	26	638639	425
beneh	1	143	638639	425
bensin	1	7	638639	425
beraya	1	1	638639	425
bersaing	1	6	638639	425
bes	1	71	638639	425
betara	1	368	638639	425
bhasma	1	2	638639	425
bintang	1	83	638639	425
bioskop	1	3	638639	425
blabar	1	51	638639	425
blackberry	1	5	638639	425
boch	1	27	638639	425
bonsai	1	6	638639	425
braya	1	63	638639	425
buah	1	63	638639	425
buat	1	39	638639	425
bubuh	1	25	638639	425
bui	1	19	638639	425
buku	1	265	638639	425
bukunne	1	3	638639	425
bulune	1	2	638639	425
bungan	1	33	638639	425
bunguté	1	13	638639	425
cacandén	1	1	638639	425
cager	1	20	638639	425
cai	1	206	638639	425
calon	1	106	638639	425
camplung	1	2	638639	425
cangkir	1	4	638639	425
cara	1	944	638639	425
carikné	1	14	638639	425
caru	1	60	638639	425
cawan	1	4	638639	425
cecimpedan	1	19	638639	425
ceningé	1	35	638639	425
ceti	1	2	638639	425
cétinné	1	1	638639	425
céwék-céwék	1	1	638639	425
ci-ne	1	1	638639	425
cicilan	1	8	638639	425
cihna	1	125	638639	425
cocok	1	36	638639	425
cor	1	5	638639	425
cucun-cucun	1	4	638639	425
cucune	1	7	638639	425
cukuan	1	3	638639	425
dadiné	1	76	638639	425
dadua	1	158	638639	425
dalem	1	161	638639	425
danda	1	32	638639	425
dané	1	882	638639	425
dé	1	140	638639	425
demenin	1	13	638639	425
denda	1	7	638639	425
désa	1	788	638639	425
désané	1	98	638639	425
déwa	1	338	638639	425
dewasa	1	16	638639	425
dewek	1	45	638639	425
déwék	1	233	638639	425
déwéké	1	76	638639	425
dharma	1	400	638639	425
dinané	1	20	638639	425
dingding	1	1	638639	425
dodos	1	7	638639	425
dogen	1	148	638639	425
doseré	1	3	638639	425
dpr	1	24	638639	425
dresta	1	121	638639	425
dreti	1	1	638639	425
dua	1	92	638639	425
duduk	1	12	638639	425
dueg	1	152	638639	425
duga	1	4	638639	425
dugas	1	220	638639	425
dugasé	1	143	638639	425
dugén	1	1	638639	425
dumadak	1	48	638639	425
ébat	1	3	638639	425
eda	1	139	638639	425
embus	1	2	638639	425
endera	1	3	638639	425
ene	1	69	638639	425
enu	1	169	638639	425
frank	1	2	638639	425
gagaén	1	1	638639	425
gajih	1	34	638639	425
gajihè	1	1	638639	425
galahé	1	112	638639	425
galahné	1	3	638639	425
gantungan	1	6	638639	425
gdé	1	131	638639	425
gdéné	1	6	638639	425
gedé	1	520	638639	425
gedeg	1	99	638639	425
gedongé	1	10	638639	425
gegaén	1	24	638639	425
gelah	1	93	638639	425
gelar	1	52	638639	425
genep	1	18	638639	425
gentar	1	2	638639	425
gerang	1	17	638639	425
gie	1	3	638639	425
gobanné	1	14	638639	425
goh	1	2	638639	425
golf	1	19	638639	425
griane	1	13	638639	425
gubernur	1	155	638639	425
gulané	1	1	638639	425
gumin	1	17	638639	425
gunadosané	1	1	638639	425
guruné	1	57	638639	425
guyu-guyuan	1	2	638639	425
hal-hal	1	5	638639	425
harus	1	80	638639	425
héktar	1	13	638639	425
hiburan	1	22	638639	425
hok	1	2	638639	425
honorné	1	1	638639	425
hotél	1	101	638639	425
hukuman	1	12	638639	425
iban	1	10	638639	425
ibané	1	48	638639	425
ibanè	1	1	638639	425
ibm	1	61	638639	425
ibu	1	262	638639	425
icang	1	125	638639	425
ida	1	2468	638639	425
idep	1	83	638639	425
idih	1	10	638639	425
idup	1	291	638639	425
idupan	1	1	638639	425
ilmu	1	89	638639	425
indria	1	50	638639	425
indriya	1	11	638639	425
ingat	1	6	638639	425
ingetang	1	46	638639	425
inggris	1	106	638639	425
inguh	1	102	638639	425
internet	1	7	638639	425
invéstasi	1	16	638639	425
ipah	1	11	638639	425
jagat	1	570	638639	425
jagung	1	16	638639	425
jaja	1	53	638639	425
jaka	1	9	638639	425
jalané	1	37	638639	425
jalaran	1	48	638639	425
jaya	1	76	638639	425
jeg	1	378	638639	425
jegég	1	133	638639	425
jegégné	1	3	638639	425
jekjek	1	1	638639	425
jelema	1	72	638639	425
jemak	1	30	638639	425
jembatan	1	3	638639	425
jendéla	1	12	638639	425
jepange	1	8	638639	425
jinah	1	259	638639	425
jit	1	54	638639	425
jlema	1	258	638639	425
jnana	1	25	638639	425
jumah	1	167	638639	425
kaadep	1	7	638639	425
kaampakang	1	3	638639	425
kabelogan	1	5	638639	425
kaduegane	1	2	638639	425
kadueganne	1	1	638639	425
kadung	1	24	638639	425
kafe	1	6	638639	425
kagadé	1	3	638639	425
kajegégan	1	16	638639	425
kajuang	1	8	638639	425
kakak-kékék	1	1	638639	425
kakedékan	1	14	638639	425
kaki	1	349	638639	425
kala	1	992	638639	425
kalaksanayang	1	393	638639	425
kan	1	44	638639	425
kangin	1	144	638639	425
kapah	1	28	638639	425
kapépét	1	3	638639	425
kaperluan	1	36	638639	425
kapespes	1	1	638639	425
karang	1	117	638639	425
karcis	1	5	638639	425
kartu	1	36	638639	425
kas	1	12	638639	425
kawigunané	1	3	638639	425
kawiné	1	4	638639	425
kayangé	1	2	638639	425
kayu	1	116	638639	425
kebés	1	2	638639	425
kebut	1	3	638639	425
kekedékan	1	3	638639	425
keles	1	4	638639	425
kema-mai	1	44	638639	425
kemampuan	1	40	638639	425
kéné-kéné	1	3	638639	425
kéné-kéto	1	12	638639	425
kenehan	1	2	638639	425
kenehne	1	61	638639	425
kenehné	1	184	638639	425
kenken	1	94	638639	425
kénkénan	1	8	638639	425
kenyat	1	8	638639	425
képék	1	2	638639	425
kepineh	1	2	638639	425
kerja	1	93	638639	425
kertas	1	26	638639	425
kerusakan	1	3	638639	425
keto	1	412	638639	425
ketut	1	538	638639	425
kéwala	1	272	638639	425
kiap	1	26	638639	425
kita	1	27	638639	425
klian	1	39	638639	425
kolam	1	17	638639	425
komputere	1	4	638639	425
kone	1	80	638639	425
konsumsi	1	3	638639	425
konten	1	31	638639	425
kontrakang	1	4	638639	425
koperasi	1	19	638639	425
korsi	1	11	638639	425
korupsi	1	97	638639	425
kramane	1	88	638639	425
kramané	1	462	638639	425
krana	1	373	638639	425
kuang	1	21	638639	425
kuat	1	34	638639	425
kudang	1	61	638639	425
kulit	1	123	638639	425
kuluk	1	31	638639	425
kursus	1	22	638639	425
kutang	1	20	638639	425
laba	1	8	638639	425
lahan	1	63	638639	425
lakaran	1	25	638639	425
lakarang	1	47	638639	425
laliar	1	1	638639	425
lampahan	1	6	638639	425
lampahané	1	3	638639	425
langganan	1	11	638639	425
lap	1	2	638639	425
laptop	1	14	638639	425
laut	1	259	638639	425
lawaté	1	3	638639	425
lebeng	1	22	638639	425
lelahé	1	1	638639	425
len	1	24	638639	425
lén	1	136	638639	425
lèn-lènan	1	1	638639	425
lénan	1	232	638639	425
lengis	1	25	638639	425
limané	1	45	638639	425
limang	1	156	638639	425
lingkungané	1	8	638639	425
listrik	1	29	638639	425
lonto	1	34	638639	425
luhe	1	11	638639	425
lumbangan	1	1	638639	425
lunak	1	11	638639	425
lung	1	18	638639	425
luu	1	59	638639	425
luwungan	1	8	638639	425
maan	1	595	638639	425
mabablanjaan	1	1	638639	425
mabekal	1	1	638639	425
mabekel	1	40	638639	425
mabraya-makrama	1	1	638639	425
mabuaka	1	9	638639	425
macanda	1	25	638639	425
macentok	1	22	638639	425
madagang	1	71	638639	425
madaya	1	37	638639	425
maekin	1	36	638639	425
magadè	1	1	638639	425
magotong	1	4	638639	425
maguna	1	64	638639	425
maitungan	1	3	638639	425
majaguran	1	8	638639	425
majujuk	1	68	638639	425
makarya	1	567	638639	425
makelonne	1	1	638639	425
makerti	1	1	638639	425
makibeh	1	5	638639	425
malajahin	1	62	638639	425
malaksana	1	181	638639	425
malali	1	83	638639	425
malam	1	13	638639	425
malaysia	1	15	638639	425
malebengan	1	7	638639	425
mamitra	1	57	638639	425
mamoya	1	1	638639	425
mamurti	1	19	638639	425
mancingin	1	8	638639	425
mangening-eningang	1	1	638639	425
manik	1	143	638639	425
manting	1	7	638639	425
mantu	1	28	638639	425
manyama	1	43	638639	425
manyamane	1	1	638639	425
mapan	1	188	638639	425
mapanauran	1	5	638639	425
mapangupa	1	1	638639	425
mapasilih-silihan	1	2	638639	425
mapenauran	1	1	638639	425
mapenga	1	2	638639	425
maperang	1	49	638639	425
mapeték-petékan	1	1	638639	425
mapineh	1	22	638639	425
mapipil	1	1	638639	425
mapitulung	1	46	638639	425
mapulih-pulih	1	2	638639	425
mara	1	710	638639	425
masekolah	1	108	638639	425
masuluh	1	17	638639	425
masumpah	1	31	638639	425
matah	1	30	638639	425
matakon	1	237	638639	425
matani	1	5	638639	425
matanjung	1	1	638639	425
matetulung	1	12	638639	425
matulisan	1	2	638639	425
matutang	1	19	638639	425
maut	1	3	638639	425
mayadnya	1	37	638639	425
mayahin	1	10	638639	425
meambuh	1	1	638639	425
meanin	1	2	638639	425
mecikang	1	57	638639	425
mekelin	1	8	638639	425
melahang	1	33	638639	425
melakukan	1	4	638639	425
melinggih	1	2	638639	425
melog-melog	1	7	638639	425
mémé-bapanné	1	1	638639	425
mendep	1	85	638639	425
méngkongin	1	1	638639	425
merajan	1	39	638639	425
mersihin	1	10	638639	425
mesin-mesinné	1	1	638639	425
mesugi	1	4	638639	425
meték	1	12	638639	425
meyanin	1	3	638639	425
miayanin	1	1	638639	425
miinstan	1	1	638639	425
mikat	1	1	638639	425
mikatin	1	5	638639	425
milyar-milyaran	1	1	638639	425
minggu	1	25	638639	425
minum	1	28	638639	425
mirib	1	256	638639	425
misi	1	351	638639	425
modal	1	31	638639	425
montore	1	4	638639	425
morosin	1	6	638639	425
mragatang	1	36	638639	425
mranen	1	5	638639	425
mukur	1	1	638639	425
mulpulang	1	2	638639	425
munduhang	1	11	638639	425
murid	1	63	638639	425
musuhé	1	13	638639	425
nafsu-né	1	1	638639	425
nanceb	1	5	638639	425
nanjung	1	5	638639	425
natah	1	46	638639	425
natakin	1	13	638639	425
naur	1	55	638639	425
nawang	1	483	638639	425
naya-naya	1	1	638639	425
nayain	1	2	638639	425
ne	1	93	638639	425
nebus	1	8	638639	425
negakang	1	9	638639	425
negakin	1	41	638639	425
negepin	1	4	638639	425
nekaang	1	31	638639	425
nekang	1	2	638639	425
nénénan	1	20	638639	425
ngaben	1	23	638639	425
ngabén	1	111	638639	425
ngadang	1	22	638639	425
ngadayang	1	1	638639	425
ngae	1	36	638639	425
ngajak	1	209	638639	425
ngajum	1	14	638639	425
ngaku-ngaku	1	12	638639	425
ngalahang	1	22	638639	425
ngalahin	1	59	638639	425
ngalangin	1	10	638639	425
ngalemesin	1	2	638639	425
ngambel	1	15	638639	425
ngancan	1	206	638639	425
ngandelang	1	23	638639	425
ngangetin	1	5	638639	425
nganggur	1	25	638639	425
ngangkut	1	2	638639	425
ngantosan	1	4	638639	425
ngaruruh	1	23	638639	425
ngasorang	1	37	638639	425
ngastitiang	1	30	638639	425
ngatelun	1	1	638639	425
ngaturang	1	435	638639	425
ngebekin	1	27	638639	425
ngebor	1	11	638639	425
ngedéang	1	2	638639	425
ngédéngang	1	32	638639	425
ngelidin	1	26	638639	425
ngelukat	1	1	638639	425
ngemang	1	66	638639	425
ngemel	1	3	638639	425
ngendepang	1	2	638639	425
ngendih	1	29	638639	425
ngengkebang	1	36	638639	425
ngentugin	1	2	638639	425
ngentungin	1	5	638639	425
ngetelin	1	1	638639	425
ngetisang	1	3	638639	425
ngilangan	1	2	638639	425
ngimbuh-imbuhin	1	1	638639	425
nginem	1	59	638639	425
ngintip	1	17	638639	425
ngirimin	1	6	638639	425
ngiring	1	173	638639	425
nglangked	1	1	638639	425
nglanturang	1	131	638639	425
nglaporang	1	6	638639	425
nglawan	1	91	638639	425
nglekas	1	11	638639	425
ngliunan	1	12	638639	425
ngobyék	1	2	638639	425
ngolésin	1	1	638639	425
ngomong	1	115	638639	425
ngorahin	1	190	638639	425
ngorat-ngorét	1	1	638639	425
ngorta	1	57	638639	425
ngotékang	1	2	638639	425
ngoyong	1	54	638639	425
ngrédit	1	4	638639	425
ngruak	1	8	638639	425
ngukur	1	13	638639	425
ngulangunin	1	48	638639	425
ngulungang	1	10	638639	425
ngulurang	1	3	638639	425
ngulurin	1	26	638639	425
ngundang-ngundang	1	4	638639	425
ngunggahang	1	57	638639	425
ngupahang	1	2	638639	425
ngupapira	1	49	638639	425
nguripin	1	8	638639	425
ngurusang	1	31	638639	425
ngwales	1	26	638639	425
ngwangun	1	185	638639	425
nika	1	469	638639	425
nilai	1	78	638639	425
nilep	1	2	638639	425
nimpugin	1	2	638639	425
nindihin	1	43	638639	425
ning	1	123	638639	425
nira	1	54	638639	425
nomer	1	39	638639	425
nudag	1	2	638639	425
nulungin	1	85	638639	425
numpahang	1	5	638639	425
nungkulag	1	1	638639	425
nyadia	1	15	638639	425
nyak	1	424	638639	425
nyaluk	1	49	638639	425
nyambung	1	12	638639	425
nyantokang	1	2	638639	425
nyapu	1	1	638639	425
nyaratang	1	15	638639	425
nyaruang	1	12	638639	425
nyekaang	1	1	638639	425
nyekenang	1	23	638639	425
nyemak	1	152	638639	425
nyén	1	267	638639	425
nyerahang	1	33	638639	425
nyetok	1	1	638639	425
nyilcil	1	1	638639	425
nylimurang	1	13	638639	425
nyomia	1	9	638639	425
nyugihang	1	4	638639	425
nyujur	1	42	638639	425
ogoh-ogoh	1	151	638639	425
ongkos	1	13	638639	425
orahang	1	89	638639	425
orahanga	1	170	638639	425
orahin	1	63	638639	425
orang	1	24	638639	425
oranhanga	1	1	638639	425
orta	1	65	638639	425
ortan	1	7	638639	425
padahal	1	7	638639	425
padidiané	1	8	638639	425
padidiné	1	5	638639	425
padiksaan	1	2	638639	425
paek	1	61	638639	425
paes	1	6	638639	425
pagalang	1	1	638639	425
paksa	1	6	638639	425
palaksana	1	4	638639	425
palalian	1	2	638639	425
palguna	1	61	638639	425
paling	1	383	638639	425
pamatut	1	15	638639	425
pamerintahé	1	2	638639	425
panak-panak	1	2	638639	425
panaké	1	20	638639	425
panawangé	1	1	638639	425
pancer	1	3	638639	425
pancing	1	6	638639	425
pangaptian	1	28	638639	425
pangawit	1	62	638639	425
pangimbuh	1	1	638639	425
pangimpas-ngimpas	1	1	638639	425
panginget-inget	1	1	638639	425
pangisian	1	1	638639	425
pangrasa	1	38	638639	425
paning-galane	1	1	638639	425
panji	1	62	638639	425
pantes	1	51	638639	425
pantingan	1	4	638639	425
paon	1	69	638639	425
parisadha	1	14	638639	425
pariwisata	1	142	638639	425
parkir	1	21	638639	425
pasang	1	10	638639	425
pasar	1	113	638639	425
pasuécan	1	19	638639	425
pasuh	1	5	638639	425
patakoné	1	31	638639	425
patuh	1	242	638639	425
patujuh	1	1	638639	425
paturunan	1	4	638639	425
payuk	1	11	638639	425
pecalang	1	25	638639	425
pecel	1	1	638639	425
pedas	1	70	638639	425
pedidi	1	43	638639	425
pejabat	1	124	638639	425
pekaké	1	8	638639	425
peluh	1	48	638639	425
peluhé	1	4	638639	425
penampad	1	2	638639	425
penawar	1	3	638639	425
peneduh	1	3	638639	425
pengetahuan	1	35	638639	425
pengukuhan	1	1	638639	425
pénjor	1	59	638639	425
penudané	1	2	638639	425
persahabatan	1	1	638639	425
pertandingan	1	5	638639	425
pertanian	1	206	638639	425
pesalin	1	1	638639	425
pesu	1	270	638639	425
pesuang	1	6	638639	425
petakon	1	23	638639	425
petang	1	119	638639	425
peteng	1	227	638639	425
pianaké	1	39	638639	425
pidan	1	268	638639	425
piduka	1	10	638639	425
pikirang	1	2	638639	425
pindang	1	8	638639	425
pinehin	1	15	638639	425
ping	1	148	638639	425
pinih	1	347	638639	425
pipisné	1	19	638639	425
piring	1	12	638639	425
pkb	1	137	638639	425
plalian	1	13	638639	425
pok	1	2	638639	425
politik	1	46	638639	425
polo	1	11	638639	425
pragat-pragat	1	4	638639	425
prajuru	1	75	638639	425
préman	1	22	638639	425
présidén	1	16	638639	425
prosés	1	16	638639	425
psthb	1	1	638639	425
puloné	1	1	638639	425
pulung	1	20	638639	425
punyané	1	1	638639	425
pupuk	1	18	638639	425
pura	1	869	638639	425
purnama	1	107	638639	425
putihé	1	12	638639	425
rabi	1	40	638639	425
rabuk	1	9	638639	425
raga	1	1135	638639	425
rahinane	1	6	638639	425
raksasa	1	47	638639	425
raosang	1	19	638639	425
raosné	1	60	638639	425
raré	1	167	638639	425
rasaanga	1	19	638639	425
renang	1	30	638639	425
reramané	1	66	638639	425
rik	1	1	638639	425
rodi	1	7	638639	425
roko	1	33	638639	425
rokok	1	1	638639	425
royong	1	14	638639	425
rumus	1	7	638639	425
sabatah	1	13	638639	425
sabun	1	5	638639	425
sadia	1	15	638639	425
sajané	1	2	638639	425
sakaya	1	3	638639	425
sakayan	1	2	638639	425
salep	1	8	638639	425
saling	1	288	638639	425
sambilanga	1	307	638639	425
sambuk	1	8	638639	425
sameton	1	130	638639	425
sampiné	1	41	638639	425
sampun	1	3368	638639	425
sandale	1	19	638639	425
sané	1	13331	638639	425
sang	1	2074	638639	425
sanget	1	112	638639	425
sanggar	1	27	638639	425
sanghyang	1	360	638639	425
sangut	1	6	638639	425
sapunika	1	269	638639	425
sarana	1	204	638639	425
sarané	1	1	638639	425
sarin	1	26	638639	425
sastra	1	564	638639	425
satak	1	65	638639	425
satmaka	1	53	638639	425
satua	1	278	638639	425
sawai-wai	1	21	638639	425
sawiréh	1	264	638639	425
sedeng	1	141	638639	425
segara	1	153	638639	425
seger	1	107	638639	425
sekaa	1	406	638639	425
sekayané	1	3	638639	425
sekolahané	1	9	638639	425
selaé	1	11	638639	425
selegenti	1	6	638639	425
seluruh	1	9	638639	425
sengguhanga	1	2	638639	425
sengker	1	19	638639	425
sertifikasi	1	30	638639	425
sertifikatné	1	1	638639	425
sesari	1	14	638639	425
sesuhunan	1	31	638639	425
sesuluh	1	30	638639	425
sesuratane	1	1	638639	425
sèwan	1	1	638639	425
siaran	1	43	638639	425
sida	1	432	638639	425
siduri	1	4	638639	425
sikutné	1	3	638639	425
silih	1	353	638639	425
simbol	1	37	638639	425
sirah	1	53	638639	425
sirahé	1	13	638639	425
soe	1	2	638639	425
somah	1	80	638639	425
spp	1	4	638639	425
stratégi	1	9	638639	425
sudamala-né	1	1	638639	425
sugih	1	182	638639	425
sujatiné	1	223	638639	425
sujatinné	1	128	638639	425
sukil	1	23	638639	425
sunari	1	42	638639	425
surtine	1	2	638639	425
suun	1	7	638639	425
tabung	1	17	638639	425
tabungané	1	1	638639	425
tagihin	1	4	638639	425
tagihina	1	5	638639	425
taline	1	1	638639	425
tampah	1	4	638639	425
tanggap	1	1	638639	425
tatu	1	7	638639	425
teba	1	46	638639	425
tegak	1	32	638639	425
tegakina	1	10	638639	425
tegal	1	42	638639	425
tegep	1	21	638639	425
tekén	1	1223	638639	425
tekénan	1	1	638639	425
tekéning	1	70	638639	425
telahang	1	7	638639	425
telas	1	72	638639	425
telpunan	1	1	638639	425
ténénan	1	47	638639	425
tengawan	1	6	638639	425
tentara-né	1	1	638639	425
tepungé	1	1	638639	425
tiange	1	386	638639	425
tidong	1	14	638639	425
tipat	1	13	638639	425
tipiné	1	33	638639	425
tirtha	1	23	638639	425
titi	1	43	638639	425
tiuk	1	9	638639	425
tour	1	5	638639	425
tower	1	5	638639	425
toya	1	351	638639	425
toyané	1	66	638639	425
tresna	1	178	638639	425
tresnan	1	37	638639	425
tril	1	2	638639	425
tsunami	1	80	638639	425
tulih	1	2	638639	425
tulisan	1	62	638639	425
tunangan	1	31	638639	425
tungked	1	42	638639	425
tungkedé	1	1	638639	425
ubad	1	74	638639	425
ubadné	1	3	638639	425
uger-uger	1	63	638639	425
ulam	1	47	638639	425
uleng	1	19	638639	425
ulengang	1	3	638639	425
uli	1	1077	638639	425
ulun	1	34	638639	425
urip	1	184	638639	425
uripe	1	2	638639	425
urusan	1	110	638639	425
usak	1	74	638639	425
utama	1	301	638639	425
utangné	1	1	638639	425
uyah	1	23	638639	425
van	1	33	638639	425
wa	1	48	638639	425
wadah	1	24	638639	425
wakil	1	95	638639	425
wané	1	4	638639	425
wantah	1	2156	638639	425
waris	1	8	638639	425
warisan	1	60	638639	425
wayah	1	80	638639	425
wayan	1	949	638639	425
wesi	1	7	638639	425
widhi	1	270	638639	425
widi	1	48	638639	425
wijaya	1	24	638639	425
wiréh	1	95	638639	425
wortel	1	1	638639	425
yadnya	1	260	638639	425
yanti	1	17	638639	425
yuta	1	112	638639	425
